=== Training Run: 2026-08-25 || 13:48:43 ===
Custom Images Added: 7
Validation Accuracy: 96.5576%
Classification Report:
              precision    recall  f1-score   support

           0       0.98      0.99      0.98      1363
           1       0.98      0.99      0.98      1547
           2       0.96      0.96      0.96      1457
           3       0.95      0.95      0.95      1394
           4       0.96      0.97      0.96      1287
           5       0.97      0.96      0.96      1240
           6       0.98      0.98      0.98      1399
           7       0.97      0.96      0.96      1511
           8       0.95      0.95      0.95      1367
           9       0.95      0.95      0.95      1437

    accuracy                           0.97     14002
   macro avg       0.97      0.97      0.97     14002
weighted avg       0.97      0.97      0.97     14002

=======================================================

=== Training Run: 2026-08-25 || 13:55:43 ===
Custom Images Added: 7
Validation Accuracy: 96.5576%
Classification Report:
              precision    recall  f1-score   support

           0       0.98      0.99      0.98      1363
           1       0.98      0.99      0.98      1547
           2       0.96      0.96      0.96      1457
           3       0.95      0.95      0.95      1394
           4       0.96      0.97      0.96      1287
           5       0.97      0.96      0.96      1240
           6       0.98      0.98      0.98      1399
           7       0.97      0.96      0.96      1511
           8       0.95      0.95      0.95      1367
           9       0.95      0.95      0.95      1437

    accuracy                           0.97     14002
   macro avg       0.97      0.97      0.97     14002
weighted avg       0.97      0.97      0.97     14002

=======================================================

=== Training Run: 2026-08-25 || 14:08:11 ===
Custom Images Added: 14
Validation Accuracy: 96.7078%
Classification Report:
              precision    recall  f1-score   support

           0       0.98      0.98      0.98      1347
           1       0.99      0.98      0.98      1541
           2       0.96      0.97      0.96      1406
           3       0.96      0.95      0.95      1453
           4       0.97      0.96      0.97      1341
           5       0.97      0.96      0.96      1293
           6       0.97      0.99      0.98      1379
           7       0.97      0.96      0.97      1513
           8       0.96      0.96      0.96      1349
           9       0.94      0.95      0.95      1381

    accuracy                           0.97     14003
   macro avg       0.97      0.97      0.97     14003
weighted avg       0.97      0.97      0.97     14003

=======================================================

